layout_spectrum: 0.4982079
typography_spectrum: 0.3512545
color:
  saturation: 0.1713112
  lightness: 0.6702509
  brandStrength: 0.5322581
  rhythmicContrast: 0.6804836
name: Columba
